world: end
x: 132.69999998807907
y: 58.0
z: -14.463661049553071
yaw: 88.34988
pitch: 1.7999598
name: end
lastowner: ccc510af-71d1-3975-80fd-69db6cb7b641
