world: end
x: 287732.02834121825
y: 63.0
z: -1002491.9614031737
yaw: 184.57112
pitch: 8.516765
name: endcity
lastowner: ccc510af-71d1-3975-80fd-69db6cb7b641
