world: world
x: 1241.5108673219413
y: 67.0
z: -1049.1426497558086
yaw: -180.44843
pitch: 10.68069
name: lobby
lastowner: 65c8f3dc-5a1d-32d5-8207-08c0d0092255
