world: nether
x: 5.752564876056459
y: 79.0
z: -2.6784929177314565
yaw: 104.7
pitch: 15.749999
name: nether
lastowner: ccc510af-71d1-3975-80fd-69db6cb7b641
