world: survival
x: 42.502394783599485
y: 75.0
z: 265.3168424089673
yaw: -9.704834
pitch: -0.14999083
name: survival
lastowner: ccc510af-71d1-3975-80fd-69db6cb7b641
